50
43.3563734 -7.4765332
43.1846978 -8.293159599999999
42.7563731 -8.0181612
43.5180391 -7.4098736
42.1813829 -7.7964903
42.8513637 -8.6514691
42.4063783 -7.9381562
42.7763746 -7.8881673
43.1897014 -8.013172000000001
42.1063771 -8.3097998
43.4146956 -8.251500399999999
42.2397111 -8.1298107
43.2930271 -8.5048195
42.918036 -8.1631588
42.3680415 -8.2431421
42.1147035 -8.8431102
43.0147138 -7.2465345
41.9397201 -7.7181546
42.0230492 -7.9681459
42.9513611 -8.7598
42.2347172 -7.6681638
42.8847153 -7.2465313
42.293047 -7.8848225
42.4147243 -6.9848641
43.5430412 -7.234882
43.6096968 -7.9965167
42.8680514 -7.0548725
43.6647042 -7.4048776
43.1646993 -8.196496700000001
42.2980536 -7.3848441
42.5980449 -7.7715014
43.2396988 -8.1631667
42.4063796 -7.8381606
42.9396891 -9.1931139
42.9347122 -7.4265247
43.1813588 -8.7298068
42.1980445 -8.163141599999999
43.3646943 -8.4014925
43.2263737 -7.5598596
42.4647039 -8.4798008
42.2230416 -8.3681333
42.1480443 -8.226471
41.9813879 -7.593161
43.2763621 -8.3931574
42.6230343 -8.559801
43.1313685 -8.0348363
42.7063648 -8.7014634
42.5647084 -8.043155499999999
43.0013561 -9.1097857
41.9263818 -8.113137399999999
