50
43.3563734 -7.4765332
43.1846978 -8.293159599999999
42.7563731 -8.0181612
43.5180391 -7.4098736
42.1813829 -7.7964903
42.8513637 -8.6514691
42.4063783 -7.9381562
42.7763746 -7.8881673
43.1897014 -8.013172000000001
42.1063771 -8.3097998
43.4146956 -8.251500399999999
42.2397111 -8.1298107
43.2930271 -8.5048195
42.918036 -8.1631588
42.3680415 -8.2431421
42.1147035 -8.8431102
43.0147138 -7.2465345
41.9397201 -7.7181546
42.0230492 -7.9681459
42.9513611 -8.7598
42.2347172 -7.6681638
42.8847153 -7.2465313
42.293047 -7.8848225
42.4147243 -6.9848641
43.5430412 -7.234882
42.5180346 -8.6347953
42.3230436 -8.1214797
42.4597067 -8.268143200000001
42.8513835 -7.1598675
43.1480397 -7.6798523
43.3063639 -8.229832
43.2763644 -8.213165399999999
41.9897191 -7.7514877
42.4230422 -8.138147999999999
42.9897021 -8.1348284
42.64303 -8.879787500000001
42.1513817 -7.9098181
42.3013908 -7.0931901
42.8063673 -8.4181449
42.6147152 -7.4848476
42.8563633 -8.679801299999999
42.3147018 -8.784784
43.6480384 -7.3515462
43.2096896 -8.901466599999999
43.4096969 -8.159837700000001
42.5980335 -8.6431301
41.9313846 -7.893147
43.1230204 -9.179785499999999
42.5063658 -8.8097873
43.284696 -8.3431598
