50
42.531369 -8.5431329
42.2563693 -8.776449700000001
42.2063763 -8.2764702
43.4263653 -8.013178
42.3147098 -8.159811100000001
42.3763929 -6.8765345
42.5180457 -7.7798324
42.423043 -8.076484000000001
43.206359 -8.693142399999999
43.7480298 -7.9015244
42.8180252 -9.088115699999999
43.2180299 -8.354824300000001
42.2180462 -8.0181483
42.2847112 -8.0848137
41.9813902 -7.4215016
42.3680524 -7.413178
43.2013763 -7.3931996
43.0230459 -7.3265313
42.6646984 -8.718128399999999
43.6513622 -8.0515153
42.9513557 -9.1864478
42.1430479 -7.9514827
42.3263776 -8.0681487
43.1846955 -8.468151799999999
42.526371 -8.388139600000001
43.6096968 -7.9965167
42.8680514 -7.0548725
43.6647042 -7.4048776
43.1646993 -8.196496700000001
42.2980536 -7.3848441
42.5980449 -7.7715014
43.2396988 -8.1631667
42.4063796 -7.8381606
42.9396891 -9.1931139
42.9347122 -7.4265247
43.1813588 -8.7298068
42.1980445 -8.163141599999999
43.3646943 -8.4014925
43.2263737 -7.5598596
42.4647039 -8.4798008
42.2230416 -8.3681333
42.1480443 -8.226471
41.9813879 -7.593161
43.2763621 -8.3931574
42.6230343 -8.559801
43.1313685 -8.0348363
42.7063648 -8.7014634
42.5647084 -8.043155499999999
43.0013561 -9.1097857
41.9263818 -8.113137399999999
