50
42.5180346 -8.6347953
42.3230436 -8.1214797
42.4597067 -8.268143200000001
42.8513835 -7.1598675
43.1480397 -7.6798523
43.3063639 -8.229832
43.2763644 -8.213165399999999
41.9897191 -7.7514877
42.4230422 -8.138147999999999
42.9897021 -8.1348284
42.64303 -8.879787500000001
42.1513817 -7.9098181
42.3013908 -7.0931901
42.8063673 -8.4181449
42.6147152 -7.4848476
42.8563633 -8.679801299999999
42.3147018 -8.784784
43.6480384 -7.3515462
43.2096896 -8.901466599999999
43.4096969 -8.159837700000001
42.5980335 -8.6431301
41.9313846 -7.893147
43.1230204 -9.179785499999999
42.5063658 -8.8097873
43.284696 -8.3431598
42.531369 -8.5431329
42.2563693 -8.776449700000001
42.2063763 -8.2764702
43.4263653 -8.013178
42.3147098 -8.159811100000001
42.3763929 -6.8765345
42.5180457 -7.7798324
42.423043 -8.076484000000001
43.206359 -8.693142399999999
43.7480298 -7.9015244
42.8180252 -9.088115699999999
43.2180299 -8.354824300000001
42.2180462 -8.0181483
42.2847112 -8.0848137
41.9813902 -7.4215016
42.3680524 -7.413178
43.2013763 -7.3931996
43.0230459 -7.3265313
42.6646984 -8.718128399999999
43.6513622 -8.0515153
42.9513557 -9.1864478
42.1430479 -7.9514827
42.3263776 -8.0681487
43.1846955 -8.468151799999999
42.526371 -8.388139600000001
